1746214967631 0.07379037758065467 0
1746215132075 0.07465032215850692 0
1746215288181 0.07465032215850692 0
1746215402967 0.06491243487894154 0
1746215503281 0.03151394310988218 0
1746215599742 0.03151394310988218 0
1746215666305 0.03151394310988218 0
1746215727158 0.03151394310988218 0
1746215788068 0.03151394310988218 0
1746215965969 0.03151394310988218 0
1746216172513 0.03151394310988218 0
1746216366414 0.03151394310988218 0
1746216671305 0.03151394310988218 0
1746217016080 0.03151394310988218 0
1746217356331 0.03151394310988218 0
1746217570090 0.03151394310988218 0
1746217731028 0.03151394310988218 0
1746217876198 0.03151394310988218 0
1746217960071 0.03151394310988218 0
1746218026707 0.03151394310988218 0
1746218092857 0.03151394310988218 0
1746218496648 0.03151394310988218 0
1746218981594 0.03151394310988218 0
1746219426158 0.03151394310988218 0
