1746214967631 1.0 0
1746215132075 1.0 0
1746215288181 1.0 0
1746215402967 0.9837323979462154 0
1746215503281 0.9953051643192488 0
1746215599742 0.9953051643192488 0
1746215666305 0.9953051643192488 0
1746215727158 0.9953051643192488 0
1746215788068 0.9953051643192488 0
1746215965969 0.9953051643192488 0
1746216172513 0.9953051643192488 0
1746216366414 0.9953051643192488 0
1746216671305 0.9953051643192488 0
1746217016080 0.9953051643192488 0
1746217356331 0.9953051643192488 0
1746217570090 0.9953051643192488 0
1746217731028 0.9953051643192488 0
1746217876198 0.9953051643192488 0
1746217960071 0.9953051643192488 0
1746218026707 0.9953051643192488 0
1746218092857 0.9953051643192488 0
1746218496648 0.9953051643192488 0
1746218981594 0.9953051643192488 0
1746219426158 0.9953051643192488 0
