1746214932360 0.5434782608695652 0
1746215100165 0.5882352941176471 0
1746215256841 0.5882352941176471 0
1746215382081 0.5882352941176471 0
1746215483338 0.5882352941176471 0
1746215580263 0.5882352941176471 0
1746215653380 0.5882352941176471 0
1746215714340 0.5882352941176471 0
1746215775261 0.5882352941176471 0
1746215926082 0.5882352941176471 0
1746216133624 0.6323529411764706 0
1746216330166 0.6323529411764706 0
1746216607746 0.6323529411764706 0
1746216946655 0.6323529411764706 0
1746217287838 0.6323529411764706 0
1746217534838 0.6323529411764706 0
1746217700176 0.6323529411764706 0
1746217847779 0.6323529411764706 0
1746217945997 0.6323529411764706 0
1746218012828 0.6323529411764706 0
1746218078863 0.6323529411764706 0
1746218401833 0.6323529411764706 0
1746218898902 0.6323529411764706 0
1746219338745 0.6323529411764706 0
