1746214932360 0.7032508349046211 0
1746215100165 0.6965654358777197 0
1746215256841 0.6965654358777197 0
1746215382081 0.6965654358777197 0
1746215483338 0.6965654358777197 0
1746215580263 0.6965654358777197 0
1746215653380 0.6965654358777197 0
1746215714340 0.6591654097536451 0
1746215775261 0.6591654097536451 0
1746215926082 0.6591654097536451 0
1746216133624 0.6902527257760823 0
1746216330166 0.6902527257760823 0
1746216607746 0.6902527257760823 0
1746216946655 0.7073229354587487 0
1746217287838 0.7073229354587487 0
1746217534838 0.7073229354587487 0
1746217700176 0.7073229354587487 0
1746217847779 0.7073229354587487 0
1746217945997 0.7073229354587487 0
1746218012828 0.7073229354587487 0
1746218078863 0.7073229354587487 0
1746218401833 0.7073229354587487 0
1746218898902 0.7073229354587487 0
1746219338745 0.7073229354587487 0
