1746215002331 0.6166596989966555 0
1746215163290 0.6166596989966555 0
1746215318623 0.6166596989966555 0
1746215422808 0.6166596989966555 0
1746215522319 0.6166596989966555 0
1746215618115 0.6166596989966555 0
1746215677663 0.6166596989966555 0
1746215738691 0.6166596989966555 0
1746215799573 0.6166596989966555 0
1746216009517 0.6166596989966555 0
1746216215562 0.6166596989966555 0
1746216407393 0.6166596989966555 0
1746216735264 0.6166596989966555 0
1746217087906 0.6166596989966555 0
1746217430410 0.6166596989966555 0
1746217601748 0.6166596989966555 0
1746217758970 0.6166596989966555 0
1746217907033 0.6166596989966555 0
1746217972899 0.6166596989966555 0
1746218039425 0.6166596989966555 0
1746218105893 0.6166596989966555 0
1746218601656 0.6166596989966555 0
1746219093670 0.6166596989966555 0
1746219528086 0.6166596989966555 0
