1746214862405 0.9605555555555556 0
1746215035900 0.9605555555555556 0
1746215194510 0.9605555555555556 0
1746215340038 0.913888888888889 0
1746215443757 0.913888888888889 0
1746215541816 0.913888888888889 0
1746215630713 0.913888888888889 0
1746215690469 0.910989010989011 0
1746215751719 0.910989010989011 0
1746215836382 0.910989010989011 0
1746216049444 0.910989010989011 0
1746216252230 0.910989010989011 0
1746216476663 0.910989010989011 0
1746216792453 0.910989010989011 0
1746217148608 0.910989010989011 0
1746217465577 0.910989010989011 0
1746217634645 0.910989010989011 0
1746217790529 0.910989010989011 0
1746217920931 0.910989010989011 0
1746217986403 0.910989010989011 0
1746218053695 0.910989010989011 0
1746218203772 0.910989010989011 0
1746218699417 0.910989010989011 0
1746219158968 0.910989010989011 0
