1746214862405 0.85 0
1746215035900 0.85 0
1746215194510 0.85 0
1746215340038 0.85 0
1746215443757 0.85 0
1746215541816 0.85 0
1746215630713 0.85 0
1746215690469 0.8833333333333333 0
1746215751719 0.8833333333333333 0
1746215836382 0.8833333333333333 0
1746216049444 0.8833333333333333 0
1746216252230 0.8833333333333333 0
1746216476663 0.8833333333333333 0
1746216792453 0.8833333333333333 0
1746217148608 0.8833333333333333 0
1746217465577 0.8833333333333333 0
1746217634645 0.8833333333333333 0
1746217790529 0.8833333333333333 0
1746217920931 0.8833333333333333 0
1746217986403 0.8833333333333333 0
1746218053695 0.8833333333333333 0
1746218203772 0.8833333333333333 0
1746218699417 0.8833333333333333 0
1746219158968 0.8833333333333333 0
