1746214862405 0.06132185012613941 0
1746215035900 0.06132185012613941 0
1746215194510 0.06132185012613941 0
1746215340038 0.2362666585534647 0
1746215443757 0.2362666585534647 0
1746215541816 0.2362666585534647 0
1746215630713 0.2362666585534647 0
1746215690469 2.2204460492503136e-16 0
1746215751719 2.2204460492503136e-16 0
1746215836382 2.2204460492503136e-16 0
1746216049444 2.2204460492503136e-16 0
1746216252230 2.2204460492503136e-16 0
1746216476663 2.2204460492503136e-16 0
1746216792453 2.2204460492503136e-16 0
1746217148608 2.2204460492503136e-16 0
1746217465577 2.2204460492503136e-16 0
1746217634645 2.2204460492503136e-16 0
1746217790529 2.2204460492503136e-16 0
1746217920931 2.2204460492503136e-16 0
1746217986403 2.2204460492503136e-16 0
1746218053695 2.2204460492503136e-16 0
1746218203772 2.2204460492503136e-16 0
1746218699417 2.2204460492503136e-16 0
1746219158968 2.2204460492503136e-16 0
