1746214862405 1.0 0
1746215035900 1.0 0
1746215194510 1.0 0
1746215340038 0.9406828832064105 0
1746215443757 0.9406828832064105 0
1746215541816 0.9406828832064105 0
1746215630713 0.9406828832064105 0
1746215690469 1.0 0
1746215751719 1.0 0
1746215836382 1.0 0
1746216049444 1.0 0
1746216252230 1.0 0
1746216476663 1.0 0
1746216792453 1.0 0
1746217148608 1.0 0
1746217465577 1.0 0
1746217634645 1.0 0
1746217790529 1.0 0
1746217920931 1.0 0
1746217986403 1.0 0
1746218053695 1.0 0
1746218203772 1.0 0
1746218699417 1.0 0
1746219158968 1.0 0
