1746214897326 0.9764705882352942 0
1746215068119 0.9764705882352942 0
1746215226113 0.9764705882352942 0
1746215361404 0.9686274509803923 0
1746215464092 0.968888888888889 0
1746215561606 0.968888888888889 0
1746215642043 0.968888888888889 0
1746215702954 0.968888888888889 0
1746215763299 0.968888888888889 0
1746215877904 0.968888888888889 0
1746216087792 0.9777777777777779 0
1746216287699 0.9777777777777779 0
1746216546719 0.9777777777777779 0
1746216866215 0.9777777777777779 0
1746217218541 0.9777777777777779 0
1746217500703 0.9777777777777779 0
1746217667669 0.9777777777777779 0
1746217818837 0.9777777777777779 0
1746217933243 0.9777777777777779 0
1746218000197 0.9777777777777779 0
1746218065975 0.9777777777777779 0
1746218289375 0.9777777777777779 0
