1746214897326 0.9655122655122655 0
1746215068119 0.9655122655122655 0
1746215226113 0.9655122655122655 0
1746215361404 0.9934072871572871 0
1746215464092 0.9807670302163419 0
1746215561606 0.9807670302163419 0
1746215642043 0.9807670302163419 0
1746215702954 0.9807670302163419 0
1746215763299 0.9807670302163419 0
1746215877904 0.9807670302163419 0
1746216087792 0.9812980511353478 0
1746216287699 0.9812980511353478 0
1746216546719 0.9812980511353478 0
1746216866215 0.9812980511353478 0
1746217218541 0.9812980511353478 0
1746217500703 0.9812980511353478 0
1746217667669 0.9812980511353478 0
1746217818837 0.9812980511353478 0
1746217933243 0.9812980511353478 0
1746218000197 0.9812980511353478 0
1746218065975 0.9812980511353478 0
1746218289375 0.9812980511353478 0
1746218802253 0.9883270755110555 0
1746219249485 0.9883270755110555 0
