1746214897326 1.0 0
1746215068119 1.0 0
1746215226113 1.0 0
1746215361404 0.9995493059311338 0
1746215464092 0.9987555555555554 0
1746215561606 0.9987555555555554 0
1746215642043 0.9987555555555554 0
1746215702954 0.9987555555555554 0
1746215763299 0.9987555555555554 0
1746215877904 0.9987555555555554 0
1746216087792 1.0 0
1746216287699 1.0 0
1746216546719 1.0 0
1746216866215 1.0 0
1746217218541 1.0 0
1746217500703 1.0 0
1746217667669 1.0 0
1746217818837 1.0 0
1746217933243 1.0 0
1746218000197 1.0 0
1746218065975 1.0 0
1746218289375 1.0 0
