1746214897326 0.0712574521559543 0
1746215068119 0.0712574521559543 0
1746215226113 0.0712574521559543 0
1746215361404 0.06578954151126852 0
1746215464092 0.08586391489675398 0
1746215561606 0.08586391489675398 0
1746215642043 0.08586391489675398 0
1746215702954 0.08586391489675398 0
1746215763299 0.08586391489675398 0
1746215877904 0.08586391489675398 0
1746216087792 0.015624460230321996 0
1746216287699 0.015624460230321996 0
1746216546719 0.015624460230321996 0
1746216866215 0.015624460230321996 0
1746217218541 0.015624460230321996 0
1746217500703 0.015624460230321996 0
1746217667669 0.015624460230321996 0
1746217818837 0.015624460230321996 0
1746217933243 0.015624460230321996 0
1746218000197 0.015624460230321996 0
1746218065975 0.015624460230321996 0
1746218289375 0.015624460230321996 0
